-> parallel
limit: 4294967296
operations: 13311061351
pi(x): 203280221
duration: 1.46568s
PAPI_L1_DCM: 48374070
PAPI_L2_DCM: 4937302
PAPI_TOT_INS: 6647457388
PAPI_TOT_CYC: 4372743165
-> spmd
limit: 4294967296
operations: 13311061351
pi(x): 203280221
duration: 1.42349s
PAPI_L1_DCM: 72420411
PAPI_L2_DCM: 13132287
PAPI_TOT_INS: 7381413030
PAPI_TOT_CYC: 4983736482
