-> parallel
limit: 4294967296
operations: 13311061351
pi(x): 203280221
duration: 1.54398s
PAPI_L1_DCM: 21197746
PAPI_L2_DCM: 3220198
PAPI_TOT_INS: 13606949305
PAPI_TOT_CYC: 4775072586
-> spmd
limit: 4294967296
operations: 13311061351
pi(x): 203280221
duration: 1.50547s
PAPI_L1_DCM: 31454096
PAPI_L2_DCM: 18019989
PAPI_TOT_INS: 14756233371
PAPI_TOT_CYC: 5427564615
