-> parallel
limit: 4294967296
operations: 13311061351
pi(x): 203280221
duration: 2.19872s
PAPI_L1_DCM: 27488791
PAPI_L2_DCM: 8516915
PAPI_TOT_INS: 20720703711
PAPI_TOT_CYC: 7120132118
-> spmd
limit: 4294967296
operations: 13311061351
pi(x): 203280221
duration: 2.10219s
PAPI_L1_DCM: 43426315
PAPI_L2_DCM: 20399973
PAPI_TOT_INS: 22135628779
PAPI_TOT_CYC: 7992498571
