-> parallel
limit: 4294967296
operations: 13311061351
pi(x): 203280221
duration: 4.20965s
PAPI_L1_DCM: 76486840
PAPI_L2_DCM: 26320700
PAPI_TOT_INS: 42706826272
PAPI_TOT_CYC: 15116959341
-> spmd
limit: 4294967296
operations: 13311061351
pi(x): 203280221
duration: 4.10733s
PAPI_L1_DCM: 83947125
PAPI_L2_DCM: 43065702
PAPI_TOT_INS: 44267033262
PAPI_TOT_CYC: 15956932512
