-> parallel
limit: 4294967296
operations: 13311061351
pi(x): 203280221
duration: 1.67787s
PAPI_L1_DCM: 53524753
PAPI_L2_DCM: 4412772
PAPI_TOT_INS: 10107091748
PAPI_TOT_CYC: 5570589112
-> spmd
limit: 4294967296
operations: 13311061351
pi(x): 203280221
duration: 1.62232s
PAPI_L1_DCM: 60689465
PAPI_L2_DCM: 14369492
PAPI_TOT_INS: 11069926307
PAPI_TOT_CYC: 5998173539
