-> parallel
limit: 4294967296
operations: 13311061351
pi(x): 203280221
duration: 1.58951s
PAPI_L1_DCM: 58729709
PAPI_L2_DCM: 5404658
PAPI_TOT_INS: 8024034825
PAPI_TOT_CYC: 5279685518
-> spmd
limit: 4294967296
operations: 13311061351
pi(x): 203280221
duration: 1.54768s
PAPI_L1_DCM: 81672154
PAPI_L2_DCM: 13513002
PAPI_TOT_INS: 8856018034
PAPI_TOT_CYC: 5599978099
