-> parallel
limit: 33554432
operations: 95709417
pi(x): 2063689
duration: 0.0123315s
PAPI_L1_DCM: 329897
PAPI_L2_DCM: 17903
PAPI_TOT_INS: 47467783
PAPI_TOT_CYC: 38736088
-> spmd
limit: 33554432
operations: 95709417
pi(x): 2063689
duration: 1.2113e-05s
PAPI_L1_DCM: 175
PAPI_L2_DCM: 576
PAPI_TOT_INS: 83175
PAPI_TOT_CYC: 60097
-> tasks
limit: 33554432
operations: 95709417
pi(x): 2063689
duration: 0.0461226s
PAPI_L1_DCM: 317636
PAPI_L2_DCM: 19904
PAPI_TOT_INS: 585583342
PAPI_TOT_CYC: 186642574
