-> multiples
limit: 2147483648
operations: 6587350865
pi(x): 105097565
duration: 8.19129s
PAPI_L1_DCM: 748493923
PAPI_L2_DCM: 1787027655
PAPI_TOT_INS: 29138684981
PAPI_TOT_CYC: 21213238839
-> segmented
limit: 2147483648
operations: 6587350865
pi(x): 105097565
duration: 5.31171s
PAPI_L1_DCM: 40028321
PAPI_L2_DCM: 1511342
PAPI_TOT_INS: 40085220221
PAPI_TOT_CYC: 13705796214
