-> multiples
limit: 1073741824
operations: 3258467628
pi(x): 54400028
duration: 3.83111s
PAPI_L1_DCM: 353972895
PAPI_L2_DCM: 867301204
PAPI_TOT_INS: 14329333011
PAPI_TOT_CYC: 9786172333
-> segmented
limit: 1073741824
operations: 3258467628
pi(x): 54400028
duration: 2.44852s
PAPI_L1_DCM: 20599064
PAPI_L2_DCM: 85840
PAPI_TOT_INS: 19783050252
PAPI_TOT_CYC: 6344949714
